%YAML:1.0
---
camera_matrix: !!opencv-matrix
   rows: 3
   cols: 3
   dt: d
   data: [ 2481.9412514178307, 0., 978.95936559694314, 0.,
       2482.3917472975795, 629.72289542481894, 0., 0., 1. ]
dist_coeffs: !!opencv-matrix
   rows: 1
   cols: 5
   dt: d
   data: [ -0.091539129459748417, 1.6518788910916924,
       -0.00096826424151305102, -0.0023115236516727399,
       -7.1086932137755738 ]
